赤血魔剑	0	1	0	0	
炼狱	0	1	0	0	
魔杖	0	1	0	0	
银蛇	0	1	0	0	
井中月	0	1	0	0	
骨玉权杖	0	1	0	0	
无极棍	0	1	0	0	
裁决之杖	0	1	0	0	
血饮	0	1	0	0	
龙纹剑	0	1	0	0	
命运之刃	0	1	0	0	
屠龙	0	1	0	0	
嗜魂法杖	0	1	0	0	
生命项链	0	1	0	0	
天珠项链	0	1	0	0	
幽灵项链	0	1	0	0	
绿色项链	0	1	0	0	
灵魂项链	0	1	0	0	
恶魔铃铛	0	1	0	0	
狂风项链	0	1	0	0	
探测项链	0	1	0	0	
技巧项链	0	1	0	0	
骑士手镯	0	1	0	0	
三眼手镯	0	1	0	0	
思贝儿手镯	0	1	0	0	
幽灵手套	0	1	0	0	
阎罗手套	0	1	0	0	
龙之手镯	0	1	0	0	
红宝石戒指	0	1	0	0	
铂金戒指	0	1	0	0	
龙之戒指	0	1	0	0	
力量戒指	0	1	0	0	
紫碧螺	0	1	0	0	
泰坦戒指	0	1	0	0	
求婚戒指	0	1	0	0	
狂风戒指	0	1	0	0	
记忆戒指	0	1	0	0	
记忆项链	0	1	0	0	
记忆手镯	0	1	0	0	
记忆头盔	0	1	0	0	
祈祷之刃	0	1	0	0	
祈祷手镯	0	1	0	0	
祈祷项链	0	1	0	0	
祈祷戒指	0	1	0	0	
祈祷头盔	0	1	0	0	
神秘戒指	0	1	0	0	
神秘腰带	0	1	0	0	
神秘头盔	0	1	0	0	
魔血戒指	0	1	0	0	
魔血手镯	0	1	0	0	
魔血项链	0	1	0	0	
虹魔戒指	0	1	0	0	
虹魔手镯	0	1	0	0	
虹魔项链	0	1	0	0	
圣战头盔	0	1	0	0	
圣战项链	0	1	0	0	
圣战手镯	0	1	0	0	
圣战戒指	0	1	0	0	
法神头盔	0	1	0	0	
法神项链	0	1	0	0	
法神手镯	0	1	0	0	
法神戒指	0	1	0	0	
天尊头盔	0	1	0	0	
天尊项链	0	1	0	0	
天尊手镯	0	1	0	0	
天尊戒指	0	1	0	0	
荣誉勋章11号	0	1	0	0	
荣誉勋章12号	0	1	0	0	
荣誉勋章13号	0	1	0	0	
荣誉勋章14号	0	1	0	0	
荣誉勋章15号	0	1	0	0	
荣誉勋章21号	0	1	0	0	
荣誉勋章22号	0	1	0	0	
荣誉勋章23号	0	1	0	0	
荣誉勋章24号	0	1	0	0	
荣誉勋章25号	0	1	0	0	
荣誉勋章31号	0	1	0	0	
荣誉勋章32号	0	1	0	0	
荣誉勋章33号	0	1	0	0	
荣誉勋章34号	0	1	0	0	
荣誉勋章35号	0	1	0	0	
荣誉勋章41号	0	1	0	0	
荣誉勋章42号	0	1	0	0	
荣誉勋章43号	0	1	0	0	
荣誉勋章44号	0	1	0	0	
荣誉勋章45号	0	1	0	0	
罗刹	0	1	0	0	
龙牙	0	1	0	0	
怒斩	0	1	0	0	
逍遥扇	0	1	0	0	
天魔神甲	0	1	0	0	
圣战宝甲	0	1	0	0	
法神披风	0	1	0	0	
霓裳羽衣	0	1	0	0	
天尊道袍	0	1	0	0	
天师长袍	0	1	0	0	
基本剑术	0	1	0	0	
攻杀剑术	0	1	0	0	
刺杀剑术	0	1	0	0	
半月弯刀	0	1	0	0	
野蛮冲撞	0	1	0	0	
烈火剑法	0	1	0	0	
疾光电影	0	1	0	0	
地狱雷光	0	1	0	0	
魔法盾	0	1	0	0	
圣言术	0	1	0	0	
冰咆哮	0	1	0	0	
心灵启示	0	1	0	0	
困魔咒	0	1	0	0	
群体治疗术	0	1	0	0	
召唤神兽	0	1	0	0	
黑玉宝石(初级)	0	1	0	0	
黑玉宝石(中级)	0	1	0	0	
黑玉宝石(高级)	0	1	0	0	
青玉宝石(初级)	0	1	0	0	
青玉宝石(中级)	0	1	0	0	
青玉宝石(高级)	0	1	0	0	
火红宝石(初级)	0	1	0	0	
火红宝石(中级)	0	1	0	0	
火红宝石(高级)	0	1	0	0	
白雾宝石(初级)	0	1	0	0	
白雾宝石(中级)	0	1	0	0	
白雾宝石(高级)	0	1	0	0	
锐利宝石(初级)	0	1	0	0	
锐利宝石(中级)	0	1	0	0	
锐利宝石(高级)	0	1	0	0	
黄沉宝石(初级)	0	1	0	0	
黄沉宝石(中级)	0	1	0	0	
黄沉宝石(高级)	0	1	0	0	
暗青宝石(初级)	0	1	0	0	
暗青宝石(中级)	0	1	0	0	
暗青宝石(高级)	0	1	0	0	
强化玄晶(初级)	0	1	0	0	
强化玄晶(中级)	0	1	0	0	
强化玄晶(高级)	0	1	0	0	
机率之珠(5%)	0	1	0	0	
机率之珠(10%)	0	1	0	0	
机率之珠(15%)	0	1	0	0	
